0.000000	1.000000
0.140110	2.000000
0.181010	3.000000
0.181870	4.000000
0.221920	5.000000
0.222770	6.000000
0.223620	7.000000
0.224470	8.000000
0.262820	9.000000
0.263670	10.000000
0.264520	11.000000
0.264520	10.000000
0.265380	11.000000
0.265380	10.000000
0.266230	11.000000
0.266230	10.000000
0.267080	11.000000
0.267080	10.000000
0.267930	11.000000
0.267930	10.000000
0.268790	11.000000
0.268790	10.000000
0.304480	11.000000
0.304480	10.000000
0.304570	11.000000
0.304570	10.000000
0.305430	11.000000
0.305430	10.000000
0.306280	11.000000
0.306280	10.000000
0.307130	11.000000
0.307130	10.000000
0.307980	11.000000
0.307980	10.000000
0.308840	11.000000
0.308840	10.000000
0.309690	11.000000
0.309690	10.000000
0.310540	11.000000
0.310540	10.000000
0.311400	11.000000
0.311400	10.000000
0.348980	11.000000
0.348980	10.000000
0.349040	11.000000
0.349040	10.000000
0.349100	11.000000
0.349100	10.000000
0.349160	11.000000
0.349160	10.000000
0.349230	11.000000
0.349230	10.000000
0.349650	11.000000
0.349650	10.000000
0.350500	11.000000
0.350500	10.000000
0.351360	11.000000
0.351360	10.000000
0.352210	11.000000
0.352210	10.000000
0.353060	11.000000
0.353060	10.000000
0.390590	11.000000
0.390590	10.000000
0.391680	11.000000
0.391680	10.000000
0.391740	11.000000
0.391740	10.000000
0.392440	11.000000
0.392440	10.000000
0.393300	11.000000
0.393300	10.000000
0.394150	11.000000
0.394150	10.000000
0.395000	11.000000
0.395000	10.000000
0.395850	11.000000
0.395850	10.000000
0.396710	11.000000
0.396710	10.000000
0.397560	11.000000
0.397560	10.000000
0.431490	11.000000
0.431490	10.000000
0.432580	11.000000
0.432580	10.000000
0.433430	11.000000
0.433430	10.000000
0.434280	11.000000
0.434280	10.000000
0.435140	11.000000
0.435140	10.000000
0.435990	11.000000
0.435990	10.000000
0.436840	11.000000
0.436840	10.000000
0.437700	11.000000
0.437700	10.000000
0.438550	11.000000
0.438550	10.000000
0.439400	11.000000
0.439400	10.000000
0.472390	11.000000
0.472390	10.000000
0.473480	11.000000
0.473480	10.000000
0.474330	11.000000
0.474330	10.000000
0.475190	11.000000
0.475190	10.000000
0.476040	11.000000
0.476040	10.000000
0.476890	11.000000
0.476890	10.000000
0.477750	11.000000
0.477750	10.000000
0.478600	11.000000
0.478600	10.000000
0.479450	11.000000
0.479450	10.000000
0.480300	11.000000
0.480300	10.000000
0.513290	11.000000
0.513290	10.000000
0.514380	11.000000
0.514380	10.000000
0.515240	11.000000
0.515240	10.000000
0.516090	11.000000
0.516090	10.000000
0.516940	11.000000
0.516940	10.000000
0.517800	11.000000
0.517800	10.000000
0.518650	11.000000
0.518650	10.000000
0.519500	11.000000
0.519500	10.000000
0.520350	11.000000
0.520350	10.000000
0.521210	11.000000
0.521210	10.000000
0.554200	11.000000
0.554200	10.000000
0.555290	11.000000
0.555290	10.000000
0.556140	11.000000
0.556140	10.000000
0.556990	11.000000
0.556990	10.000000
0.557840	11.000000
0.557840	10.000000
0.558700	11.000000
0.558700	10.000000
0.559550	11.000000
0.559550	10.000000
0.560400	11.000000
0.560400	10.000000
0.561260	11.000000
0.561260	10.000000
0.562110	11.000000
0.562110	10.000000
0.595100	11.000000
0.595100	10.000000
0.596190	11.000000
0.596190	10.000000
0.597040	11.000000
0.597040	10.000000
0.597890	11.000000
0.597890	10.000000
0.598750	11.000000
0.598750	10.000000
0.599600	11.000000
0.599600	10.000000
0.600450	11.000000
0.600450	10.000000
0.601310	11.000000
0.601310	10.000000
0.602160	11.000000
0.602160	10.000000
0.603010	11.000000
0.603010	10.000000
0.636000	11.000000
0.636000	10.000000
0.637090	11.000000
0.637090	10.000000
0.637940	11.000000
0.637940	10.000000
0.638800	11.000000
0.638800	10.000000
0.639650	11.000000
0.639650	10.000000
0.640500	11.000000
0.640500	10.000000
0.641360	11.000000
0.641360	10.000000
0.642210	11.000000
0.642210	10.000000
0.643060	11.000000
0.643060	10.000000
0.643910	11.000000
0.643910	10.000000
0.676900	11.000000
0.676900	10.000000
0.677990	11.000000
0.677990	10.000000
0.678850	11.000000
0.678850	10.000000
0.679700	11.000000
0.679700	10.000000
0.680550	11.000000
0.680550	10.000000
0.681400	11.000000
0.681400	10.000000
0.682260	11.000000
0.682260	10.000000
0.683110	11.000000
0.683110	10.000000
0.683960	11.000000
0.683960	10.000000
0.684820	11.000000
0.684820	10.000000
0.717800	11.000000
0.717800	10.000000
0.718900	11.000000
0.718900	10.000000
0.719750	11.000000
0.719750	10.000000
0.720600	11.000000
0.720600	10.000000
0.721450	11.000000
0.721450	10.000000
0.722310	11.000000
0.722310	10.000000
0.723160	11.000000
0.723160	10.000000
0.724010	11.000000
0.724010	10.000000
0.724870	11.000000
0.724870	10.000000
0.725720	11.000000
0.725720	10.000000
0.758710	11.000000
0.758710	10.000000
0.759800	11.000000
0.759800	10.000000
0.760650	11.000000
0.760650	10.000000
0.761500	11.000000
0.761500	10.000000
0.762360	11.000000
0.762360	10.000000
0.763210	11.000000
0.763210	10.000000
0.764060	11.000000
0.764060	10.000000
0.764920	11.000000
0.764920	10.000000
0.765770	11.000000
0.765770	10.000000
0.766620	11.000000
0.766620	10.000000
0.799610	11.000000
0.799610	10.000000
0.800700	11.000000
0.800700	10.000000
0.801550	11.000000
0.801550	10.000000
0.802410	11.000000
0.802410	10.000000
0.803260	11.000000
0.803260	10.000000
0.804110	11.000000
0.804110	10.000000
0.804960	11.000000
0.804960	10.000000
0.805820	11.000000
0.805820	10.000000
0.806670	11.000000
0.806670	10.000000
0.807520	11.000000
0.807520	10.000000
0.840510	11.000000
0.840510	10.000000
0.841600	11.000000
0.841600	10.000000
0.842460	11.000000
0.842460	10.000000
0.843310	11.000000
0.843310	10.000000
0.844160	11.000000
0.844160	10.000000
0.845010	11.000000
0.845010	10.000000
0.845870	11.000000
0.845870	10.000000
0.846720	11.000000
0.846720	10.000000
0.847570	11.000000
0.847570	10.000000
0.848430	11.000000
0.848430	10.000000
0.881410	11.000000
0.881410	10.000000
0.882510	11.000000
0.882510	10.000000
0.883360	11.000000
0.883360	10.000000
0.884210	11.000000
0.884210	10.000000
0.885060	11.000000
0.885060	10.000000
0.885920	11.000000
0.885920	10.000000
0.886770	11.000000
0.886770	10.000000
0.887620	11.000000
0.887620	10.000000
0.888480	11.000000
0.888480	10.000000
0.889330	11.000000
0.889330	10.000000
0.922320	11.000000
0.922320	10.000000
0.923410	11.000000
0.923410	10.000000
0.924260	11.000000
0.924260	10.000000
0.925110	11.000000
0.925110	10.000000
0.925970	11.000000
0.925970	10.000000
0.926820	11.000000
0.926820	10.000000
0.927670	11.000000
0.927670	10.000000
0.928520	11.000000
0.928520	10.000000
0.929380	11.000000
0.929380	10.000000
0.930230	11.000000
0.930230	10.000000
0.963220	11.000000
0.963220	10.000000
0.964310	11.000000
0.964310	10.000000
0.965160	11.000000
0.965160	10.000000
0.966020	11.000000
0.966020	10.000000
0.966870	11.000000
0.966870	10.000000
0.967720	11.000000
0.967720	10.000000
0.968570	11.000000
0.968570	10.000000
0.969430	11.000000
0.969430	10.000000
0.970280	11.000000
0.970280	10.000000
0.971130	11.000000
0.971130	10.000000
1.004120	11.000000
1.004120	10.000000
1.005210	11.000000
1.005210	10.000000
1.006070	11.000000
1.006070	10.000000
1.006920	11.000000
1.006920	10.000000
1.007770	11.000000
1.007770	10.000000
1.008620	11.000000
1.008620	10.000000
1.009480	11.000000
1.009480	10.000000
1.010330	11.000000
1.010330	10.000000
1.011180	11.000000
1.011180	10.000000
1.012040	11.000000
1.012040	10.000000
1.045020	11.000000
1.045020	10.000000
1.046120	11.000000
1.046120	10.000000
1.046970	11.000000
1.046970	10.000000
1.047820	11.000000
1.047820	10.000000
1.048670	11.000000
1.048670	10.000000
1.049530	11.000000
1.049530	10.000000
1.050380	11.000000
1.050380	10.000000
1.051230	11.000000
1.051230	10.000000
1.052080	11.000000
1.052080	10.000000
1.052940	11.000000
1.052940	10.000000
1.085930	11.000000
1.085930	10.000000
1.087020	11.000000
1.087020	10.000000
1.087870	11.000000
1.087870	10.000000
1.088720	11.000000
1.088720	10.000000
1.089580	11.000000
1.089580	10.000000
1.090430	11.000000
1.090430	10.000000
1.091280	11.000000
1.091280	10.000000
1.092130	11.000000
1.092130	10.000000
1.092990	11.000000
1.092990	10.000000
1.093840	11.000000
1.093840	10.000000
1.126830	11.000000
1.126830	10.000000
1.127920	11.000000
1.127920	10.000000
1.128770	11.000000
1.128770	10.000000
1.129630	11.000000
1.129630	10.000000
1.130480	11.000000
1.130480	10.000000
1.131330	11.000000
1.131330	10.000000
1.132180	11.000000
1.132180	10.000000
1.133040	11.000000
1.133040	10.000000
1.133890	11.000000
1.133890	10.000000
1.134740	11.000000
1.134740	10.000000
1.167730	11.000000
1.167730	10.000000
1.168820	11.000000
1.168820	10.000000
1.169680	11.000000
1.169680	10.000000
1.170530	11.000000
1.170530	10.000000
1.171380	11.000000
1.171380	10.000000
1.172230	11.000000
1.172230	10.000000
1.173090	11.000000
1.173090	10.000000
1.173940	11.000000
1.173940	10.000000
1.174790	11.000000
1.174790	10.000000
1.175640	11.000000
1.175640	10.000000
1.208630	11.000000
1.208630	10.000000
1.209720	11.000000
1.209720	10.000000
1.210580	11.000000
1.210580	10.000000
1.211430	11.000000
1.211430	10.000000
1.212280	11.000000
1.212280	10.000000
1.213140	11.000000
1.213140	10.000000
1.213990	11.000000
1.213990	10.000000
1.214840	11.000000
1.214840	10.000000
1.215690	11.000000
1.215690	10.000000
1.216550	11.000000
1.216550	10.000000
1.249540	11.000000
1.249540	10.000000
1.250630	11.000000
1.250630	10.000000
1.251480	11.000000
1.251480	10.000000
1.252330	11.000000
1.252330	10.000000
1.253190	11.000000
1.253190	10.000000
1.254040	11.000000
1.254040	10.000000
1.254890	11.000000
1.254890	10.000000
1.255740	11.000000
1.255740	10.000000
1.256600	11.000000
1.256600	10.000000
1.257450	11.000000
1.257450	10.000000
1.290440	11.000000
1.290440	10.000000
1.291530	11.000000
1.291530	10.000000
1.292380	11.000000
1.292380	10.000000
1.293240	11.000000
1.293240	10.000000
1.294090	11.000000
1.294090	10.000000
1.294940	11.000000
1.294940	10.000000
1.295790	11.000000
1.295790	10.000000
1.296650	11.000000
1.296650	10.000000
1.297500	11.000000
1.297500	10.000000
1.298350	11.000000
1.298350	10.000000
1.331340	11.000000
1.331340	10.000000
1.332430	11.000000
1.332430	10.000000
1.333280	11.000000
1.333280	10.000000
1.334140	11.000000
1.334140	10.000000
1.334990	11.000000
1.334990	10.000000
1.335840	11.000000
1.335840	10.000000
1.336700	11.000000
1.336700	10.000000
1.337550	11.000000
1.337550	10.000000
1.338400	11.000000
1.338400	10.000000
1.339250	11.000000
1.339250	10.000000
1.372240	11.000000
1.372240	10.000000
1.373330	11.000000
1.373330	10.000000
1.374190	11.000000
1.374190	10.000000
1.375040	11.000000
1.375040	10.000000
1.375890	11.000000
1.375890	10.000000
1.376750	11.000000
1.376750	10.000000
1.377600	11.000000
1.377600	10.000000
1.378450	11.000000
1.378450	10.000000
1.379300	11.000000
1.379300	10.000000
1.380160	11.000000
1.380160	10.000000
1.413150	11.000000
1.413150	10.000000
1.414240	11.000000
1.414240	10.000000
1.415090	11.000000
1.415090	10.000000
1.415940	11.000000
1.415940	10.000000
1.416800	11.000000
1.416800	10.000000
1.417650	11.000000
1.417650	10.000000
1.418500	11.000000
1.418500	10.000000
1.419350	11.000000
1.419350	10.000000
1.420210	11.000000
1.420210	10.000000
1.421060	11.000000
1.421060	10.000000
1.454050	11.000000
1.454050	10.000000
1.455140	11.000000
1.455140	10.000000
1.455990	11.000000
1.455990	10.000000
1.456840	11.000000
1.456840	10.000000
1.457700	11.000000
1.457700	10.000000
1.458550	11.000000
1.458550	10.000000
1.459400	11.000000
1.459400	10.000000
1.460260	11.000000
1.460260	10.000000
1.461110	11.000000
1.461110	10.000000
1.461960	11.000000
1.461960	10.000000
1.494950	11.000000
1.494950	10.000000
1.496040	11.000000
1.496040	10.000000
1.496890	11.000000
1.496890	10.000000
1.497750	11.000000
1.497750	10.000000
1.498600	11.000000
1.498600	10.000000
1.499450	11.000000
1.499450	10.000000
1.500310	11.000000
1.500310	10.000000
1.501160	11.000000
1.501160	10.000000
1.502010	11.000000
1.502010	10.000000
1.502860	11.000000
1.502860	10.000000
1.535850	11.000000
1.535850	10.000000
1.536940	11.000000
1.536940	10.000000
1.537800	11.000000
1.537800	10.000000
1.538650	11.000000
1.538650	10.000000
1.539500	11.000000
1.539500	10.000000
1.540360	11.000000
1.540360	10.000000
1.740360	1.000000
2.041530	2.000000
2.082430	3.000000
2.083280	4.000000
2.123330	5.000000
2.124180	6.000000
2.125040	7.000000
2.125890	8.000000
2.164230	9.000000
2.165090	10.000000
2.165940	11.000000
2.165940	10.000000
2.166790	11.000000
2.166790	10.000000
2.167640	11.000000
2.167640	10.000000
2.168500	11.000000
2.168500	10.000000
2.169350	11.000000
2.169350	10.000000
2.170200	11.000000
2.170200	10.000000
2.205140	11.000000
2.205140	10.000000
2.205990	11.000000
2.205990	10.000000
2.206840	11.000000
2.206840	10.000000
2.207690	11.000000
2.207690	10.000000
2.208550	11.000000
2.208550	10.000000
2.209400	11.000000
2.209400	10.000000
2.210250	11.000000
2.210250	10.000000
2.211100	11.000000
2.211100	10.000000
2.211960	11.000000
2.211960	10.000000
2.212810	11.000000
2.212810	10.000000
2.246040	11.000000
2.246040	10.000000
2.246890	11.000000
2.246890	10.000000
2.247740	11.000000
2.247740	10.000000
2.248600	11.000000
2.248600	10.000000
2.249450	11.000000
2.249450	10.000000
2.250300	11.000000
2.250300	10.000000
2.251150	11.000000
2.251150	10.000000
2.252010	11.000000
2.252010	10.000000
2.252860	11.000000
2.252860	10.000000
2.253710	11.000000
2.253710	10.000000
2.286940	11.000000
2.286940	10.000000
2.287790	11.000000
2.287790	10.000000
2.288650	11.000000
2.288650	10.000000
2.289500	11.000000
2.289500	10.000000
2.290350	11.000000
2.290350	10.000000
2.291200	11.000000
2.291200	10.000000
2.292060	11.000000
2.292060	10.000000
2.292910	11.000000
2.292910	10.000000
2.293760	11.000000
2.293760	10.000000
2.294620	11.000000
2.294620	10.000000
2.327840	11.000000
2.327840	10.000000
2.328700	11.000000
2.328700	10.000000
2.329550	11.000000
2.329550	10.000000
2.330400	11.000000
2.330400	10.000000
2.331250	11.000000
2.331250	10.000000
2.332110	11.000000
2.332110	10.000000
2.332960	11.000000
2.332960	10.000000
2.333810	11.000000
2.333810	10.000000
2.334660	11.000000
2.334660	10.000000
2.335520	11.000000
2.335520	10.000000
2.368740	11.000000
2.368740	10.000000
2.369600	11.000000
2.369600	10.000000
2.370450	11.000000
2.370450	10.000000
2.371300	11.000000
2.371300	10.000000
2.372160	11.000000
2.372160	10.000000
2.373010	11.000000
2.373010	10.000000
2.373860	11.000000
2.373860	10.000000
2.374710	11.000000
2.374710	10.000000
2.375570	11.000000
2.375570	10.000000
2.376420	11.000000
2.376420	10.000000
2.409650	11.000000
2.409650	10.000000
2.410500	11.000000
2.410500	10.000000
2.411350	11.000000
2.411350	10.000000
2.412210	11.000000
2.412210	10.000000
2.413060	11.000000
2.413060	10.000000
2.413910	11.000000
2.413910	10.000000
2.414760	11.000000
2.414760	10.000000
2.415620	11.000000
2.415620	10.000000
2.416470	11.000000
2.416470	10.000000
2.417320	11.000000
2.417320	10.000000
2.450550	11.000000
2.450550	10.000000
2.451400	11.000000
2.451400	10.000000
2.452260	11.000000
2.452260	10.000000
2.453110	11.000000
2.453110	10.000000
2.453960	11.000000
2.453960	10.000000
2.454810	11.000000
2.454810	10.000000
2.455670	11.000000
2.455670	10.000000
2.456520	11.000000
2.456520	10.000000
2.457370	11.000000
2.457370	10.000000
2.458220	11.000000
2.458220	10.000000
2.491450	11.000000
2.491450	10.000000
2.492300	11.000000
2.492300	10.000000
2.493160	11.000000
2.493160	10.000000
2.494010	11.000000
2.494010	10.000000
2.494860	11.000000
2.494860	10.000000
2.495720	11.000000
2.495720	10.000000
2.496570	11.000000
2.496570	10.000000
2.497420	11.000000
2.497420	10.000000
2.498270	11.000000
2.498270	10.000000
2.499130	11.000000
2.499130	10.000000
2.532350	11.000000
2.532350	10.000000
2.533210	11.000000
2.533210	10.000000
2.534060	11.000000
2.534060	10.000000
2.534910	11.000000
2.534910	10.000000
2.535770	11.000000
2.535770	10.000000
2.536620	11.000000
2.536620	10.000000
2.537470	11.000000
2.537470	10.000000
2.538320	11.000000
2.538320	10.000000
2.539180	11.000000
2.539180	10.000000
2.540030	11.000000
2.540030	10.000000
2.573260	11.000000
2.573260	10.000000
2.574110	11.000000
2.574110	10.000000
2.574960	11.000000
2.574960	10.000000
2.575820	11.000000
2.575820	10.000000
2.576670	11.000000
2.576670	10.000000
2.577520	11.000000
2.577520	10.000000
2.578370	11.000000
2.578370	10.000000
2.579230	11.000000
2.579230	10.000000
2.580080	11.000000
2.580080	10.000000
2.580930	11.000000
2.580930	10.000000
2.614160	11.000000
2.614160	10.000000
2.615010	11.000000
2.615010	10.000000
2.615860	11.000000
2.615860	10.000000
2.616720	11.000000
2.616720	10.000000
2.617570	11.000000
2.617570	10.000000
2.618420	11.000000
2.618420	10.000000
2.619280	11.000000
2.619280	10.000000
2.620130	11.000000
2.620130	10.000000
2.620980	11.000000
2.620980	10.000000
2.621830	11.000000
2.621830	10.000000
2.655060	11.000000
2.655060	10.000000
2.655910	11.000000
2.655910	10.000000
2.656770	11.000000
2.656770	10.000000
2.657620	11.000000
2.657620	10.000000
2.658470	11.000000
2.658470	10.000000
2.659330	11.000000
2.659330	10.000000
2.660180	11.000000
2.660180	10.000000
2.661030	11.000000
2.661030	10.000000
2.661880	11.000000
2.661880	10.000000
2.662740	11.000000
2.662740	10.000000
2.695960	11.000000
2.695960	10.000000
2.696820	11.000000
2.696820	10.000000
2.697670	11.000000
2.697670	10.000000
2.698520	11.000000
2.698520	10.000000
2.699380	11.000000
2.699380	10.000000
2.700230	11.000000
2.700230	10.000000
2.701080	11.000000
2.701080	10.000000
2.701930	11.000000
2.701930	10.000000
2.702790	11.000000
2.702790	10.000000
2.703640	11.000000
2.703640	10.000000
2.736870	11.000000
2.736870	10.000000
2.737720	11.000000
2.737720	10.000000
2.738570	11.000000
2.738570	10.000000
2.739420	11.000000
2.739420	10.000000
2.740280	11.000000
2.740280	10.000000
2.741130	11.000000
2.741130	10.000000
2.741980	11.000000
2.741980	10.000000
2.742840	11.000000
2.742840	10.000000
2.743690	11.000000
2.743690	10.000000
2.744540	11.000000
2.744540	10.000000
2.777770	11.000000
2.777770	10.000000
2.778620	11.000000
2.778620	10.000000
2.779470	11.000000
2.779470	10.000000
2.780330	11.000000
2.780330	10.000000
2.781180	11.000000
2.781180	10.000000
2.782030	11.000000
2.782030	10.000000
2.782890	11.000000
2.782890	10.000000
2.783740	11.000000
2.783740	10.000000
2.784590	11.000000
2.784590	10.000000
2.785440	11.000000
2.785440	10.000000
2.818670	11.000000
2.818670	10.000000
2.819520	11.000000
2.819520	10.000000
2.820380	11.000000
2.820380	10.000000
2.821230	11.000000
2.821230	10.000000
2.822080	11.000000
2.822080	10.000000
2.822940	11.000000
2.822940	10.000000
2.823790	11.000000
2.823790	10.000000
2.824640	11.000000
2.824640	10.000000
2.825490	11.000000
2.825490	10.000000
2.826350	11.000000
2.826350	10.000000
2.859570	11.000000
2.859570	10.000000
2.860430	11.000000
2.860430	10.000000
2.861280	11.000000
2.861280	10.000000
2.862130	11.000000
2.862130	10.000000
2.862980	11.000000
2.862980	10.000000
2.863840	11.000000
2.863840	10.000000
2.864690	11.000000
2.864690	10.000000
2.865540	11.000000
2.865540	10.000000
2.866400	11.000000
2.866400	10.000000
2.867250	11.000000
2.867250	10.000000
2.900480	11.000000
2.900480	10.000000
2.901330	11.000000
2.901330	10.000000
2.902180	11.000000
2.902180	10.000000
2.903030	11.000000
2.903030	10.000000
2.903890	11.000000
2.903890	10.000000
2.904740	11.000000
2.904740	10.000000
2.905590	11.000000
2.905590	10.000000
2.906450	11.000000
2.906450	10.000000
2.907300	11.000000
2.907300	10.000000
2.908150	11.000000
2.908150	10.000000
2.941380	11.000000
2.941380	10.000000
2.942230	11.000000
2.942230	10.000000
2.943080	11.000000
2.943080	10.000000
2.943940	11.000000
2.943940	10.000000
2.944790	11.000000
2.944790	10.000000
2.945640	11.000000
2.945640	10.000000
2.946500	11.000000
2.946500	10.000000
2.947350	11.000000
2.947350	10.000000
2.948200	11.000000
2.948200	10.000000
2.949050	11.000000
2.949050	10.000000
2.982280	11.000000
2.982280	10.000000
2.983130	11.000000
2.983130	10.000000
2.983990	11.000000
2.983990	10.000000
2.984840	11.000000
2.984840	10.000000
2.985690	11.000000
2.985690	10.000000
2.986540	11.000000
2.986540	10.000000
2.987400	11.000000
2.987400	10.000000
2.988250	11.000000
2.988250	10.000000
2.989100	11.000000
2.989100	10.000000
2.989960	11.000000
2.989960	10.000000
3.023180	11.000000
3.023180	10.000000
3.024040	11.000000
3.024040	10.000000
3.024890	11.000000
3.024890	10.000000
3.025740	11.000000
3.025740	10.000000
3.026590	11.000000
3.026590	10.000000
3.027450	11.000000
3.027450	10.000000
3.028300	11.000000
3.028300	10.000000
3.029150	11.000000
3.029150	10.000000
3.030010	11.000000
3.030010	10.000000
3.030860	11.000000
3.030860	10.000000
3.230860	1.000000
