0.000000	1.000000
0.240110	2.000000
0.281010	3.000000
0.281870	4.000000
0.321920	5.000000
0.322770	6.000000
0.323620	7.000000
0.324470	8.000000
0.362820	9.000000
0.363670	10.000000
0.364520	11.000000
0.364520	10.000000
0.365380	11.000000
0.365380	10.000000
0.366250	11.000000
0.366250	10.000000
0.367170	11.000000
0.367170	10.000000
0.368050	11.000000
0.368050	10.000000
0.368970	11.000000
0.368970	10.000000
0.403720	11.000000
0.403720	10.000000
0.404570	11.000000
0.404570	10.000000
0.405430	11.000000
0.405430	10.000000
0.406280	11.000000
0.406280	10.000000
0.407130	11.000000
0.407130	10.000000
0.407980	11.000000
0.407980	10.000000
0.408840	11.000000
0.408840	10.000000
0.409690	11.000000
0.409690	10.000000
0.410540	11.000000
0.410540	10.000000
0.411670	11.000000
0.411670	10.000000
0.444620	11.000000
0.444620	10.000000
0.445480	11.000000
0.445480	10.000000
0.446330	11.000000
0.446330	10.000000
0.447180	11.000000
0.447180	10.000000
0.448030	11.000000
0.448030	10.000000
0.448890	11.000000
0.448890	10.000000
0.449740	11.000000
0.449740	10.000000
0.450590	11.000000
0.450590	10.000000
0.451440	11.000000
0.451440	10.000000
0.452570	11.000000
0.452570	10.000000
0.485520	11.000000
0.485520	10.000000
0.486380	11.000000
0.486380	10.000000
0.487230	11.000000
0.487230	10.000000
0.488080	11.000000
0.488080	10.000000
0.488940	11.000000
0.488940	10.000000
0.489790	11.000000
0.489790	10.000000
0.490640	11.000000
0.490640	10.000000
0.491490	11.000000
0.491490	10.000000
0.492350	11.000000
0.492350	10.000000
0.493470	11.000000
0.493470	10.000000
0.526430	11.000000
0.526430	10.000000
0.527280	11.000000
0.527280	10.000000
0.528130	11.000000
0.528130	10.000000
0.528990	11.000000
0.528990	10.000000
0.529840	11.000000
0.529840	10.000000
0.530690	11.000000
0.530690	10.000000
0.531540	11.000000
0.531540	10.000000
0.532400	11.000000
0.532400	10.000000
0.533250	11.000000
0.533250	10.000000
0.534370	11.000000
0.534370	10.000000
0.567330	11.000000
0.567330	10.000000
0.568180	11.000000
0.568180	10.000000
0.569040	11.000000
0.569040	10.000000
0.569890	11.000000
0.569890	10.000000
0.570740	11.000000
0.570740	10.000000
0.571590	11.000000
0.571590	10.000000
0.572450	11.000000
0.572450	10.000000
0.573300	11.000000
0.573300	10.000000
0.574150	11.000000
0.574150	10.000000
0.575280	11.000000
0.575280	10.000000
0.608230	11.000000
0.608230	10.000000
0.609080	11.000000
0.609080	10.000000
0.609940	11.000000
0.609940	10.000000
0.610790	11.000000
0.610790	10.000000
0.611640	11.000000
0.611640	10.000000
0.612500	11.000000
0.612500	10.000000
0.613350	11.000000
0.613350	10.000000
0.614200	11.000000
0.614200	10.000000
0.615050	11.000000
0.615050	10.000000
0.616180	11.000000
0.616180	10.000000
0.649130	11.000000
0.649130	10.000000
0.649990	11.000000
0.649990	10.000000
0.650840	11.000000
0.650840	10.000000
0.651690	11.000000
0.651690	10.000000
0.652550	11.000000
0.652550	10.000000
0.653400	11.000000
0.653400	10.000000
0.654250	11.000000
0.654250	10.000000
0.655100	11.000000
0.655100	10.000000
0.655960	11.000000
0.655960	10.000000
0.657080	11.000000
0.657080	10.000000
0.690040	11.000000
0.690040	10.000000
0.690890	11.000000
0.690890	10.000000
0.691740	11.000000
0.691740	10.000000
0.692600	11.000000
0.692600	10.000000
0.693450	11.000000
0.693450	10.000000
0.694300	11.000000
0.694300	10.000000
0.695150	11.000000
0.695150	10.000000
0.696010	11.000000
0.696010	10.000000
0.696860	11.000000
0.696860	10.000000
0.697980	11.000000
0.697980	10.000000
0.730940	11.000000
0.730940	10.000000
0.731790	11.000000
0.731790	10.000000
0.732640	11.000000
0.732640	10.000000
0.733500	11.000000
0.733500	10.000000
0.734350	11.000000
0.734350	10.000000
0.735200	11.000000
0.735200	10.000000
0.736060	11.000000
0.736060	10.000000
0.736910	11.000000
0.736910	10.000000
0.737760	11.000000
0.737760	10.000000
0.738890	11.000000
0.738890	10.000000
0.771840	11.000000
0.771840	10.000000
0.772690	11.000000
0.772690	10.000000
0.773550	11.000000
0.773550	10.000000
0.774400	11.000000
0.774400	10.000000
0.775250	11.000000
0.775250	10.000000
0.776110	11.000000
0.776110	10.000000
0.776960	11.000000
0.776960	10.000000
0.777810	11.000000
0.777810	10.000000
0.778660	11.000000
0.778660	10.000000
0.779790	11.000000
0.779790	10.000000
0.812740	11.000000
0.812740	10.000000
0.813600	11.000000
0.813600	10.000000
0.814450	11.000000
0.814450	10.000000
0.815300	11.000000
0.815300	10.000000
0.816160	11.000000
0.816160	10.000000
0.817010	11.000000
0.817010	10.000000
0.817860	11.000000
0.817860	10.000000
0.818710	11.000000
0.818710	10.000000
0.819570	11.000000
0.819570	10.000000
0.820690	11.000000
0.820690	10.000000
0.853650	11.000000
0.853650	10.000000
0.854500	11.000000
0.854500	10.000000
0.855350	11.000000
0.855350	10.000000
0.856200	11.000000
0.856200	10.000000
0.857060	11.000000
0.857060	10.000000
0.857910	11.000000
0.857910	10.000000
0.858760	11.000000
0.858760	10.000000
0.859620	11.000000
0.859620	10.000000
0.860470	11.000000
0.860470	10.000000
0.861590	11.000000
0.861590	10.000000
0.894550	11.000000
0.894550	10.000000
0.895400	11.000000
0.895400	10.000000
0.896250	11.000000
0.896250	10.000000
0.897110	11.000000
0.897110	10.000000
0.897960	11.000000
0.897960	10.000000
0.898810	11.000000
0.898810	10.000000
0.899670	11.000000
0.899670	10.000000
0.900520	11.000000
0.900520	10.000000
0.901370	11.000000
0.901370	10.000000
0.902500	11.000000
0.902500	10.000000
0.935450	11.000000
0.935450	10.000000
0.936300	11.000000
0.936300	10.000000
0.937160	11.000000
0.937160	10.000000
0.938010	11.000000
0.938010	10.000000
0.938860	11.000000
0.938860	10.000000
0.939720	11.000000
0.939720	10.000000
0.940570	11.000000
0.940570	10.000000
0.941420	11.000000
0.941420	10.000000
0.942270	11.000000
0.942270	10.000000
0.943400	11.000000
0.943400	10.000000
0.976350	11.000000
0.976350	10.000000
0.977210	11.000000
0.977210	10.000000
0.978060	11.000000
0.978060	10.000000
0.978910	11.000000
0.978910	10.000000
0.979760	11.000000
0.979760	10.000000
0.980620	11.000000
0.980620	10.000000
0.981470	11.000000
0.981470	10.000000
0.982320	11.000000
0.982320	10.000000
0.983180	11.000000
0.983180	10.000000
0.984300	11.000000
0.984300	10.000000
1.017260	11.000000
1.017260	10.000000
1.018110	11.000000
1.018110	10.000000
1.018960	11.000000
1.018960	10.000000
1.019810	11.000000
1.019810	10.000000
1.020670	11.000000
1.020670	10.000000
1.021520	11.000000
1.021520	10.000000
1.022370	11.000000
1.022370	10.000000
1.023230	11.000000
1.023230	10.000000
1.024080	11.000000
1.024080	10.000000
1.025200	11.000000
1.025200	10.000000
1.058160	11.000000
1.058160	10.000000
1.059010	11.000000
1.059010	10.000000
1.059860	11.000000
1.059860	10.000000
1.060720	11.000000
1.060720	10.000000
1.061570	11.000000
1.061570	10.000000
1.062420	11.000000
1.062420	10.000000
1.063280	11.000000
1.063280	10.000000
1.064130	11.000000
1.064130	10.000000
1.064980	11.000000
1.064980	10.000000
1.066110	11.000000
1.066110	10.000000
1.099060	11.000000
1.099060	10.000000
1.099910	11.000000
1.099910	10.000000
1.100770	11.000000
1.100770	10.000000
1.101620	11.000000
1.101620	10.000000
1.102470	11.000000
1.102470	10.000000
1.103320	11.000000
1.103320	10.000000
1.104180	11.000000
1.104180	10.000000
1.105030	11.000000
1.105030	10.000000
1.105880	11.000000
1.105880	10.000000
1.107010	11.000000
1.107010	10.000000
1.139960	11.000000
1.139960	10.000000
1.140820	11.000000
1.140820	10.000000
1.141670	11.000000
1.141670	10.000000
1.142520	11.000000
1.142520	10.000000
1.143370	11.000000
1.143370	10.000000
1.144230	11.000000
1.144230	10.000000
1.145080	11.000000
1.145080	10.000000
1.145930	11.000000
1.145930	10.000000
1.146790	11.000000
1.146790	10.000000
1.147910	11.000000
1.147910	10.000000
1.180870	11.000000
1.180870	10.000000
1.181720	11.000000
1.181720	10.000000
1.182570	11.000000
1.182570	10.000000
1.183420	11.000000
1.183420	10.000000
1.184280	11.000000
1.184280	10.000000
1.185130	11.000000
1.185130	10.000000
1.185980	11.000000
1.185980	10.000000
1.186840	11.000000
1.186840	10.000000
1.187690	11.000000
1.187690	10.000000
1.188810	11.000000
1.188810	10.000000
1.221770	11.000000
1.221770	10.000000
1.222620	11.000000
1.222620	10.000000
1.223470	11.000000
1.223470	10.000000
1.224330	11.000000
1.224330	10.000000
1.225180	11.000000
1.225180	10.000000
1.226030	11.000000
1.226030	10.000000
1.226880	11.000000
1.226880	10.000000
1.227740	11.000000
1.227740	10.000000
1.228590	11.000000
1.228590	10.000000
1.229720	11.000000
1.229720	10.000000
1.262670	11.000000
1.262670	10.000000
1.263520	11.000000
1.263520	10.000000
1.264380	11.000000
1.264380	10.000000
1.265230	11.000000
1.265230	10.000000
1.266080	11.000000
1.266080	10.000000
1.266930	11.000000
1.266930	10.000000
1.267790	11.000000
1.267790	10.000000
1.268640	11.000000
1.268640	10.000000
1.269490	11.000000
1.269490	10.000000
1.270620	11.000000
1.270620	10.000000
1.303570	11.000000
1.303570	10.000000
1.304430	11.000000
1.304430	10.000000
1.305280	11.000000
1.305280	10.000000
1.306130	11.000000
1.306130	10.000000
1.306980	11.000000
1.306980	10.000000
1.307840	11.000000
1.307840	10.000000
1.308690	11.000000
1.308690	10.000000
1.309540	11.000000
1.309540	10.000000
1.310400	11.000000
1.310400	10.000000
1.311520	11.000000
1.311520	10.000000
1.344480	11.000000
1.344480	10.000000
1.345330	11.000000
1.345330	10.000000
1.346180	11.000000
1.346180	10.000000
1.347030	11.000000
1.347030	10.000000
1.347890	11.000000
1.347890	10.000000
1.348740	11.000000
1.348740	10.000000
1.349590	11.000000
1.349590	10.000000
1.350440	11.000000
1.350440	10.000000
1.351300	11.000000
1.351300	10.000000
1.352420	11.000000
1.352420	10.000000
1.385380	11.000000
1.385380	10.000000
1.386230	11.000000
1.386230	10.000000
1.387080	11.000000
1.387080	10.000000
1.387940	11.000000
1.387940	10.000000
1.388790	11.000000
1.388790	10.000000
1.389640	11.000000
1.389640	10.000000
1.390490	11.000000
1.390490	10.000000
1.391350	11.000000
1.391350	10.000000
1.392200	11.000000
1.392200	10.000000
1.393320	11.000000
1.393320	10.000000
1.426280	11.000000
1.426280	10.000000
1.427130	11.000000
1.427130	10.000000
1.427990	11.000000
1.427990	10.000000
1.428840	11.000000
1.428840	10.000000
1.429690	11.000000
1.429690	10.000000
1.430540	11.000000
1.430540	10.000000
1.431400	11.000000
1.431400	10.000000
1.432250	11.000000
1.432250	10.000000
1.433100	11.000000
1.433100	10.000000
1.434230	11.000000
1.434230	10.000000
1.467180	11.000000
1.467180	10.000000
1.468040	11.000000
1.468040	10.000000
1.468890	11.000000
1.468890	10.000000
1.469740	11.000000
1.469740	10.000000
1.470590	11.000000
1.470590	10.000000
1.471450	11.000000
1.471450	10.000000
1.472300	11.000000
1.472300	10.000000
1.473150	11.000000
1.473150	10.000000
1.474000	11.000000
1.474000	10.000000
1.475130	11.000000
1.475130	10.000000
1.508080	11.000000
1.508080	10.000000
1.508940	11.000000
1.508940	10.000000
1.509790	11.000000
1.509790	10.000000
1.510640	11.000000
1.510640	10.000000
1.511500	11.000000
1.511500	10.000000
1.512350	11.000000
1.512350	10.000000
1.513200	11.000000
1.513200	10.000000
1.514050	11.000000
1.514050	10.000000
1.514910	11.000000
1.514910	10.000000
1.516030	11.000000
1.516030	10.000000
1.548990	11.000000
1.548990	10.000000
1.549840	11.000000
1.549840	10.000000
1.550690	11.000000
1.550690	10.000000
1.551550	11.000000
1.551550	10.000000
1.552400	11.000000
1.552400	10.000000
1.553250	11.000000
1.553250	10.000000
1.554100	11.000000
1.554100	10.000000
1.554960	11.000000
1.554960	10.000000
1.555810	11.000000
1.555810	10.000000
1.556930	11.000000
1.556930	10.000000
1.589890	11.000000
1.589890	10.000000
1.590740	11.000000
1.590740	10.000000
1.591600	11.000000
1.591600	10.000000
1.592450	11.000000
1.592450	10.000000
1.593300	11.000000
1.593300	10.000000
1.594150	11.000000
1.594150	10.000000
1.595010	11.000000
1.595010	10.000000
1.595860	11.000000
1.595860	10.000000
1.596710	11.000000
1.596710	10.000000
1.597840	11.000000
1.597840	10.000000
1.630790	11.000000
1.630790	10.000000
1.631640	11.000000
1.631640	10.000000
1.632500	11.000000
1.632500	10.000000
1.633350	11.000000
1.633350	10.000000
1.634200	11.000000
1.634200	10.000000
1.635060	11.000000
1.635060	10.000000
1.635910	11.000000
1.635910	10.000000
1.636760	11.000000
1.636760	10.000000
1.637610	11.000000
1.637610	10.000000
1.638740	11.000000
1.638740	10.000000
1.671690	11.000000
1.671690	10.000000
1.672550	11.000000
1.672550	10.000000
1.673400	11.000000
1.673400	10.000000
1.674250	11.000000
1.674250	10.000000
1.675110	11.000000
1.675110	10.000000
1.675960	11.000000
1.675960	10.000000
1.676810	11.000000
1.676810	10.000000
1.677660	11.000000
1.677660	10.000000
1.678520	11.000000
1.678520	10.000000
1.679640	11.000000
1.679640	10.000000
1.712600	11.000000
1.712600	10.000000
1.713450	11.000000
1.713450	10.000000
1.714300	11.000000
1.714300	10.000000
1.715160	11.000000
1.715160	10.000000
1.716010	11.000000
1.716010	10.000000
1.716860	11.000000
1.716860	10.000000
1.717710	11.000000
1.717710	10.000000
1.718570	11.000000
1.718570	10.000000
1.719420	11.000000
1.719420	10.000000
1.720540	11.000000
1.720540	10.000000
1.753500	11.000000
1.753500	10.000000
1.754350	11.000000
1.754350	10.000000
1.755200	11.000000
1.755200	10.000000
1.756060	11.000000
1.756060	10.000000
1.756910	11.000000
1.756910	10.000000
1.757760	11.000000
1.757760	10.000000
1.758620	11.000000
1.758620	10.000000
1.759470	11.000000
1.759470	10.000000
1.760320	11.000000
1.760320	10.000000
1.761450	11.000000
1.761450	10.000000
1.794400	11.000000
1.794400	10.000000
1.795250	11.000000
1.795250	10.000000
1.796110	11.000000
1.796110	10.000000
1.796960	11.000000
1.796960	10.000000
1.797810	11.000000
1.797810	10.000000
1.798670	11.000000
1.798670	10.000000
1.799520	11.000000
1.799520	10.000000
1.800370	11.000000
1.800370	10.000000
1.801220	11.000000
1.801220	10.000000
1.802350	11.000000
1.802350	10.000000
1.835300	11.000000
1.835300	10.000000
1.836160	11.000000
1.836160	10.000000
1.837010	11.000000
1.837010	10.000000
1.837860	11.000000
1.837860	10.000000
1.838720	11.000000
1.838720	10.000000
1.839570	11.000000
1.839570	10.000000
1.840420	11.000000
1.840420	10.000000
1.841270	11.000000
1.841270	10.000000
1.842130	11.000000
1.842130	10.000000
1.843250	11.000000
1.843250	10.000000
1.876210	11.000000
1.876210	10.000000
1.877060	11.000000
1.877060	10.000000
1.877910	11.000000
1.877910	10.000000
1.878760	11.000000
1.878760	10.000000
1.879620	11.000000
1.879620	10.000000
1.880470	11.000000
1.880470	10.000000
1.881320	11.000000
1.881320	10.000000
1.882180	11.000000
1.882180	10.000000
1.883030	11.000000
1.883030	10.000000
1.884150	11.000000
1.884150	10.000000
1.917110	11.000000
1.917110	10.000000
1.917960	11.000000
1.917960	10.000000
1.918810	11.000000
1.918810	10.000000
1.919670	11.000000
1.919670	10.000000
1.920520	11.000000
1.920520	10.000000
1.921370	11.000000
1.921370	10.000000
1.922230	11.000000
1.922230	10.000000
1.923080	11.000000
1.923080	10.000000
1.923930	11.000000
1.923930	10.000000
1.925060	11.000000
1.925060	10.000000
1.958010	11.000000
1.958010	10.000000
1.958860	11.000000
1.958860	10.000000
1.959720	11.000000
1.959720	10.000000
1.960570	11.000000
1.960570	10.000000
1.961420	11.000000
1.961420	10.000000
1.962280	11.000000
1.962280	10.000000
1.963130	11.000000
1.963130	10.000000
1.963980	11.000000
1.963980	10.000000
1.964830	11.000000
1.964830	10.000000
1.965960	11.000000
1.965960	10.000000
1.998910	11.000000
1.998910	10.000000
1.999770	11.000000
1.999770	10.000000
2.000620	11.000000
2.000620	10.000000
2.001470	11.000000
2.001470	10.000000
2.002320	11.000000
2.002320	10.000000
2.003180	11.000000
2.003180	10.000000
2.004030	11.000000
2.004030	10.000000
2.004880	11.000000
2.004880	10.000000
2.005740	11.000000
2.005740	10.000000
2.006860	11.000000
2.006860	10.000000
2.039820	11.000000
2.039820	10.000000
2.040670	11.000000
2.040670	10.000000
2.240670	1.000000
2.540900	2.000000
2.581800	3.000000
2.582660	4.000000
2.622710	5.000000
2.623560	6.000000
2.624410	7.000000
2.625270	8.000000
2.663610	9.000000
2.664460	10.000000
2.665320	11.000000
2.665320	10.000000
2.666170	11.000000
2.666170	10.000000
2.667020	11.000000
2.667020	10.000000
2.667870	11.000000
2.667870	10.000000
2.668730	11.000000
2.668730	10.000000
2.669580	11.000000
2.669580	10.000000
2.704510	11.000000
2.704510	10.000000
2.705360	11.000000
2.705360	10.000000
2.706220	11.000000
2.706220	10.000000
2.707070	11.000000
2.707070	10.000000
2.707920	11.000000
2.707920	10.000000
2.708780	11.000000
2.708780	10.000000
2.709630	11.000000
2.709630	10.000000
2.710480	11.000000
2.710480	10.000000
2.711330	11.000000
2.711330	10.000000
2.712190	11.000000
2.712190	10.000000
2.745410	11.000000
2.745410	10.000000
2.746270	11.000000
2.746270	10.000000
2.747120	11.000000
2.747120	10.000000
2.747970	11.000000
2.747970	10.000000
2.748830	11.000000
2.748830	10.000000
2.749680	11.000000
2.749680	10.000000
2.750530	11.000000
2.750530	10.000000
2.751380	11.000000
2.751380	10.000000
2.752240	11.000000
2.752240	10.000000
2.753090	11.000000
2.753090	10.000000
2.786320	11.000000
2.786320	10.000000
2.787170	11.000000
2.787170	10.000000
2.788020	11.000000
2.788020	10.000000
2.788880	11.000000
2.788880	10.000000
2.789730	11.000000
2.789730	10.000000
2.790580	11.000000
2.790580	10.000000
2.791430	11.000000
2.791430	10.000000
2.792290	11.000000
2.792290	10.000000
2.793140	11.000000
2.793140	10.000000
2.793990	11.000000
2.793990	10.000000
2.827220	11.000000
2.827220	10.000000
2.828070	11.000000
2.828070	10.000000
2.828920	11.000000
2.828920	10.000000
2.829780	11.000000
2.829780	10.000000
2.830630	11.000000
2.830630	10.000000
2.831480	11.000000
2.831480	10.000000
2.832340	11.000000
2.832340	10.000000
2.833190	11.000000
2.833190	10.000000
2.834040	11.000000
2.834040	10.000000
2.834890	11.000000
2.834890	10.000000
2.868120	11.000000
2.868120	10.000000
2.868970	11.000000
2.868970	10.000000
2.869830	11.000000
2.869830	10.000000
2.870680	11.000000
2.870680	10.000000
2.871530	11.000000
2.871530	10.000000
2.872390	11.000000
2.872390	10.000000
2.873240	11.000000
2.873240	10.000000
2.874090	11.000000
2.874090	10.000000
2.874940	11.000000
2.874940	10.000000
2.875800	11.000000
2.875800	10.000000
2.909020	11.000000
2.909020	10.000000
2.909880	11.000000
2.909880	10.000000
2.910730	11.000000
2.910730	10.000000
2.911580	11.000000
2.911580	10.000000
2.912440	11.000000
2.912440	10.000000
2.913290	11.000000
2.913290	10.000000
2.914140	11.000000
2.914140	10.000000
2.914990	11.000000
2.914990	10.000000
2.915850	11.000000
2.915850	10.000000
2.916700	11.000000
2.916700	10.000000
2.949930	11.000000
2.949930	10.000000
2.950780	11.000000
2.950780	10.000000
2.951630	11.000000
2.951630	10.000000
2.952480	11.000000
2.952480	10.000000
2.953340	11.000000
2.953340	10.000000
2.954190	11.000000
2.954190	10.000000
2.955040	11.000000
2.955040	10.000000
2.955900	11.000000
2.955900	10.000000
2.956750	11.000000
2.956750	10.000000
2.957600	11.000000
2.957600	10.000000
2.990830	11.000000
2.990830	10.000000
2.991680	11.000000
2.991680	10.000000
2.992530	11.000000
2.992530	10.000000
2.993390	11.000000
2.993390	10.000000
2.994240	11.000000
2.994240	10.000000
2.995090	11.000000
2.995090	10.000000
2.995950	11.000000
2.995950	10.000000
2.996800	11.000000
2.996800	10.000000
2.997650	11.000000
2.997650	10.000000
2.998500	11.000000
2.998500	10.000000
3.031730	11.000000
3.031730	10.000000
3.032580	11.000000
3.032580	10.000000
3.033440	11.000000
3.033440	10.000000
3.034290	11.000000
3.034290	10.000000
3.035140	11.000000
3.035140	10.000000
3.036000	11.000000
3.036000	10.000000
3.036850	11.000000
3.036850	10.000000
3.037700	11.000000
3.037700	10.000000
3.038550	11.000000
3.038550	10.000000
3.039410	11.000000
3.039410	10.000000
3.072630	11.000000
3.072630	10.000000
3.073490	11.000000
3.073490	10.000000
3.074340	11.000000
3.074340	10.000000
3.075190	11.000000
3.075190	10.000000
3.076040	11.000000
3.076040	10.000000
3.076900	11.000000
3.076900	10.000000
3.077750	11.000000
3.077750	10.000000
3.078600	11.000000
3.078600	10.000000
3.079460	11.000000
3.079460	10.000000
3.080310	11.000000
3.080310	10.000000
3.113540	11.000000
3.113540	10.000000
3.114390	11.000000
3.114390	10.000000
3.115240	11.000000
3.115240	10.000000
3.116090	11.000000
3.116090	10.000000
3.116950	11.000000
3.116950	10.000000
3.117800	11.000000
3.117800	10.000000
3.118650	11.000000
3.118650	10.000000
3.119510	11.000000
3.119510	10.000000
3.120360	11.000000
3.120360	10.000000
3.121210	11.000000
3.121210	10.000000
3.154440	11.000000
3.154440	10.000000
3.155290	11.000000
3.155290	10.000000
3.156140	11.000000
3.156140	10.000000
3.157000	11.000000
3.157000	10.000000
3.157850	11.000000
3.157850	10.000000
3.158700	11.000000
3.158700	10.000000
3.159560	11.000000
3.159560	10.000000
3.160410	11.000000
3.160410	10.000000
3.161260	11.000000
3.161260	10.000000
3.162110	11.000000
3.162110	10.000000
3.195340	11.000000
3.195340	10.000000
3.196190	11.000000
3.196190	10.000000
3.197050	11.000000
3.197050	10.000000
3.197900	11.000000
3.197900	10.000000
3.198750	11.000000
3.198750	10.000000
3.199600	11.000000
3.199600	10.000000
3.200460	11.000000
3.200460	10.000000
3.201310	11.000000
3.201310	10.000000
3.202160	11.000000
3.202160	10.000000
3.203020	11.000000
3.203020	10.000000
3.236240	11.000000
3.236240	10.000000
3.237100	11.000000
3.237100	10.000000
3.237950	11.000000
3.237950	10.000000
3.238800	11.000000
3.238800	10.000000
3.239650	11.000000
3.239650	10.000000
3.240510	11.000000
3.240510	10.000000
3.241360	11.000000
3.241360	10.000000
3.242210	11.000000
3.242210	10.000000
3.243070	11.000000
3.243070	10.000000
3.243920	11.000000
3.243920	10.000000
3.277150	11.000000
3.277150	10.000000
3.278000	11.000000
3.278000	10.000000
3.278850	11.000000
3.278850	10.000000
3.279700	11.000000
3.279700	10.000000
3.280560	11.000000
3.280560	10.000000
3.281410	11.000000
3.281410	10.000000
3.282260	11.000000
3.282260	10.000000
3.283120	11.000000
3.283120	10.000000
3.283970	11.000000
3.283970	10.000000
3.284820	11.000000
3.284820	10.000000
3.318050	11.000000
3.318050	10.000000
3.318900	11.000000
3.318900	10.000000
3.319750	11.000000
3.319750	10.000000
3.320610	11.000000
3.320610	10.000000
3.321460	11.000000
3.321460	10.000000
3.322310	11.000000
3.322310	10.000000
3.323160	11.000000
3.323160	10.000000
3.324020	11.000000
3.324020	10.000000
3.324870	11.000000
3.324870	10.000000
3.325720	11.000000
3.325720	10.000000
3.358950	11.000000
3.358950	10.000000
3.359800	11.000000
3.359800	10.000000
3.360660	11.000000
3.360660	10.000000
3.361510	11.000000
3.361510	10.000000
3.362360	11.000000
3.362360	10.000000
3.363210	11.000000
3.363210	10.000000
3.364070	11.000000
3.364070	10.000000
3.364920	11.000000
3.364920	10.000000
3.365770	11.000000
3.365770	10.000000
3.366630	11.000000
3.366630	10.000000
3.399850	11.000000
3.399850	10.000000
3.400710	11.000000
3.400710	10.000000
3.401560	11.000000
3.401560	10.000000
3.402410	11.000000
3.402410	10.000000
3.403260	11.000000
3.403260	10.000000
3.404120	11.000000
3.404120	10.000000
3.404970	11.000000
3.404970	10.000000
3.405820	11.000000
3.405820	10.000000
3.406680	11.000000
3.406680	10.000000
3.407530	11.000000
3.407530	10.000000
3.440760	11.000000
3.440760	10.000000
3.441610	11.000000
3.441610	10.000000
3.442460	11.000000
3.442460	10.000000
3.443310	11.000000
3.443310	10.000000
3.444170	11.000000
3.444170	10.000000
3.445020	11.000000
3.445020	10.000000
3.445870	11.000000
3.445870	10.000000
3.446720	11.000000
3.446720	10.000000
3.447580	11.000000
3.447580	10.000000
3.448430	11.000000
3.448430	10.000000
3.481660	11.000000
3.481660	10.000000
3.482510	11.000000
3.482510	10.000000
3.483360	11.000000
3.483360	10.000000
3.484220	11.000000
3.484220	10.000000
3.485070	11.000000
3.485070	10.000000
3.485920	11.000000
3.485920	10.000000
3.486770	11.000000
3.486770	10.000000
3.487630	11.000000
3.487630	10.000000
3.488480	11.000000
3.488480	10.000000
3.489330	11.000000
3.489330	10.000000
3.522560	11.000000
3.522560	10.000000
3.523410	11.000000
3.523410	10.000000
3.524270	11.000000
3.524270	10.000000
3.525120	11.000000
3.525120	10.000000
3.525970	11.000000
3.525970	10.000000
3.526820	11.000000
3.526820	10.000000
3.527680	11.000000
3.527680	10.000000
3.528530	11.000000
3.528530	10.000000
3.529380	11.000000
3.529380	10.000000
3.530240	11.000000
3.530240	10.000000
3.563460	11.000000
3.563460	10.000000
3.564320	11.000000
3.564320	10.000000
3.565170	11.000000
3.565170	10.000000
3.566020	11.000000
3.566020	10.000000
3.566870	11.000000
3.566870	10.000000
3.567730	11.000000
3.567730	10.000000
3.568580	11.000000
3.568580	10.000000
3.569430	11.000000
3.569430	10.000000
3.570280	11.000000
3.570280	10.000000
3.571140	11.000000
3.571140	10.000000
3.604360	11.000000
3.604360	10.000000
3.605220	11.000000
3.605220	10.000000
3.606070	11.000000
3.606070	10.000000
3.606920	11.000000
3.606920	10.000000
3.607780	11.000000
3.607780	10.000000
3.608630	11.000000
3.608630	10.000000
3.609480	11.000000
3.609480	10.000000
3.610330	11.000000
3.610330	10.000000
3.611190	11.000000
3.611190	10.000000
3.612040	11.000000
3.612040	10.000000
3.645270	11.000000
3.645270	10.000000
3.646120	11.000000
3.646120	10.000000
3.646970	11.000000
3.646970	10.000000
3.647830	11.000000
3.647830	10.000000
3.648680	11.000000
3.648680	10.000000
3.649530	11.000000
3.649530	10.000000
3.650380	11.000000
3.650380	10.000000
3.651240	11.000000
3.651240	10.000000
3.652090	11.000000
3.652090	10.000000
3.652940	11.000000
3.652940	10.000000
3.686170	11.000000
3.686170	10.000000
3.687020	11.000000
3.687020	10.000000
3.687880	11.000000
3.687880	10.000000
3.688730	11.000000
3.688730	10.000000
3.689580	11.000000
3.689580	10.000000
3.690430	11.000000
3.690430	10.000000
3.691290	11.000000
3.691290	10.000000
3.692140	11.000000
3.692140	10.000000
3.692990	11.000000
3.692990	10.000000
3.693840	11.000000
3.693840	10.000000
3.727070	11.000000
3.727070	10.000000
3.727920	11.000000
3.727920	10.000000
3.728780	11.000000
3.728780	10.000000
3.729630	11.000000
3.729630	10.000000
3.730480	11.000000
3.730480	10.000000
3.731340	11.000000
3.731340	10.000000
3.732190	11.000000
3.732190	10.000000
3.733040	11.000000
3.733040	10.000000
3.733890	11.000000
3.733890	10.000000
3.734750	11.000000
3.734750	10.000000
3.767970	11.000000
3.767970	10.000000
3.768830	11.000000
3.768830	10.000000
3.769680	11.000000
3.769680	10.000000
3.770530	11.000000
3.770530	10.000000
3.771390	11.000000
3.771390	10.000000
3.772240	11.000000
3.772240	10.000000
3.773090	11.000000
3.773090	10.000000
3.773940	11.000000
3.773940	10.000000
3.774800	11.000000
3.774800	10.000000
3.775650	11.000000
3.775650	10.000000
3.808880	11.000000
3.808880	10.000000
3.809730	11.000000
3.809730	10.000000
3.810580	11.000000
3.810580	10.000000
3.811440	11.000000
3.811440	10.000000
3.812290	11.000000
3.812290	10.000000
3.813140	11.000000
3.813140	10.000000
3.813990	11.000000
3.813990	10.000000
3.814850	11.000000
3.814850	10.000000
3.815700	11.000000
3.815700	10.000000
3.816550	11.000000
3.816550	10.000000
3.849780	11.000000
3.849780	10.000000
3.850630	11.000000
3.850630	10.000000
3.851480	11.000000
3.851480	10.000000
3.852340	11.000000
3.852340	10.000000
3.853190	11.000000
3.853190	10.000000
3.854040	11.000000
3.854040	10.000000
3.854900	11.000000
3.854900	10.000000
3.855750	11.000000
3.855750	10.000000
3.856600	11.000000
3.856600	10.000000
3.857450	11.000000
3.857450	10.000000
3.890680	11.000000
3.890680	10.000000
3.891530	11.000000
3.891530	10.000000
3.892390	11.000000
3.892390	10.000000
3.893240	11.000000
3.893240	10.000000
3.894090	11.000000
3.894090	10.000000
3.894950	11.000000
3.894950	10.000000
3.895800	11.000000
3.895800	10.000000
3.896650	11.000000
3.896650	10.000000
3.897500	11.000000
3.897500	10.000000
3.898360	11.000000
3.898360	10.000000
3.931580	11.000000
3.931580	10.000000
3.932440	11.000000
3.932440	10.000000
3.933290	11.000000
3.933290	10.000000
3.934140	11.000000
3.934140	10.000000
3.935000	11.000000
3.935000	10.000000
3.935850	11.000000
3.935850	10.000000
3.936700	11.000000
3.936700	10.000000
3.937550	11.000000
3.937550	10.000000
3.938410	11.000000
3.938410	10.000000
3.939260	11.000000
3.939260	10.000000
3.972490	11.000000
3.972490	10.000000
3.973340	11.000000
3.973340	10.000000
3.974190	11.000000
3.974190	10.000000
3.975040	11.000000
3.975040	10.000000
3.975900	11.000000
3.975900	10.000000
3.976750	11.000000
3.976750	10.000000
3.977600	11.000000
3.977600	10.000000
3.978460	11.000000
3.978460	10.000000
3.979310	11.000000
3.979310	10.000000
3.980160	11.000000
3.980160	10.000000
4.013390	11.000000
4.013390	10.000000
4.014240	11.000000
4.014240	10.000000
4.015090	11.000000
4.015090	10.000000
4.015950	11.000000
4.015950	10.000000
4.016800	11.000000
4.016800	10.000000
4.017650	11.000000
4.017650	10.000000
4.018510	11.000000
4.018510	10.000000
4.019360	11.000000
4.019360	10.000000
4.020210	11.000000
4.020210	10.000000
4.021060	11.000000
4.021060	10.000000
4.221060	1.000000
